v  3.0726 -1.7547 -1.2638
v  1.7759 -0.8714 -1.8745
v  3.9027 -0.2096 -1.5652
v  0.0718 -0.2042 2.6907
v  1.4199 0.8289 1.6411
v  0.0549 0.7336 1.8051
v  -3.4671 -1.2906 -0.6390
v  -4.0502 -0.3440 0.7191
v  -3.5548 -0.2550 -1.6051
v  -4.0509 1.0717 0.3589
v  -4.0149 0.5874 -1.2125
v  0.4902 0.0086 -1.8271
v  1.3058 2.0669 -3.3289
v  2.1434 0.3709 -2.9330
v  -3.6293 -2.5635 0.9945
v  -2.7549 -2.0996 1.5885
v  -3.4078 -0.3177 2.2284
v  -0.2975 2.3596 -3.4242
v  -1.5653 1.5177 -3.6425
v  -0.8253 3.6095 -2.5110
v  -1.7974 -1.4028 -3.1962
v  -2.7281 -2.6730 -3.0172
v  -2.9757 -1.5617 -2.2066
v  -2.3164 3.0559 -0.8883
v  -2.4506 2.3785 -2.0782
v  -1.1240 -0.5550 -3.1350
v  0.3358 -2.1468 -2.2368
v  -1.0054 -1.8791 -2.8691
v  -3.8420 -1.9967 0.0392
v  2.4171 -1.2249 0.8922
v  1.3303 -2.0090 2.5468
v  2.9223 -3.0173 1.3997
v  -3.3198 0.4460 1.3901
v  -3.6478 2.1579 0.2349
v  -2.1481 1.4249 1.3757
v  -1.8898 2.3847 1.3359
v  -3.3842 1.5804 -2.2188
v  -2.0688 0.9338 -3.3796
v  -2.4723 -0.1109 -2.3081
v  3.7282 -2.1705 -0.7111
v  2.9058 -0.5077 -0.3900
v  -3.5465 -2.8086 -1.1495
v  -2.5466 -3.7479 -1.3868
v  -1.9459 -0.4220 -2.9117
v  -2.0953 3.3513 0.8340
v  -2.8255 2.8323 0.4182
v  2.5603 1.4311 -0.4224
v  3.4084 1.0303 -1.0085
v  2.2532 3.1568 -0.3452
v  1.8513 4.1353 -2.3139
v  0.8381 4.4938 -1.4263
v  -1.0687 -1.5065 2.1495
v  -1.0195 -0.9156 3.3051
v  -2.4033 -0.3706 3.4235
v  -0.0075 3.3366 -0.3272
v  -0.4536 0.3522 -2.7037
v  -3.1546 0.9969 -1.9631
v  1.3600 3.6501 -0.1165
v  -1.0225 -4.3301 0.0661
v  -1.5675 1.2085 2.1810
v  -3.5264 2.7198 -1.1588
v  0.7781 -3.4851 0.2692
v  2.8168 2.5411 -2.4902
v  4.2083 1.5749 -2.2982
v  -0.6080 2.7557 1.8493
v  0.1534 -2.0347 1.4113
v  1.6148 -4.6110 -1.1654
v  -0.6287 -3.9545 -1.0176
v  2.7162 -3.9605 0.1947
v  1.2782 -0.4016 1.3806
v  -1.8917 -2.7271 -2.3062
v  0.7251 3.6874 -3.2843
v  1.5251 0.3169 0.5807
v  1.3711 2.9026 1.5095
v  0.3908 -1.7277 3.8252
v  -1.2692 3.6812 1.5835
v  1.5432 -3.4462 -2.0789